0.037153005599975586 2.2191896510589832 -2.1212216657916168
0.1427321434020996 2.2202013863764285 -2.07009952799554
0.2481222152709961 2.2245395112516992 -1.9094379458923783
0.3490922451019287 2.230341905551222 -1.7395542995752467
0.4548962116241455 2.236381401186079 -1.5430507107846045
0.5586910247802734 2.241633845284018 -1.3384234232104983
0.6646683216094971 2.2479215661197367 -1.1162543732708858
0.7700622081756592 2.250013617177892 -0.8901127942791532
0.8755362033843994 2.2489050852762986 -0.7230981515000898
0.9788391590118408 2.2399368856200064 -0.6450590216385712
1.08595609664917 2.208955830284734 -0.6489207985896546
1.1913402080535889 2.173588676536568 -0.6461539980583306
1.2973041534423828 2.1393279241500514 -0.6476410511352423
1.4048330783843994 2.109567663829774 -0.6387992486978795
1.5108082294464111 2.0436464419083946 -0.6685357898276092
1.6177070140838623 1.986576148076982 -0.6622281262795431
1.7251629829406738 1.9421937202868353 -0.6749616554918607
1.8324241638183594 1.895281965990716 -0.6780318972784005
1.9370670318603516 1.8544168700431805 -0.6679014872947929
2.042994260787964 1.812117854619977 -0.6660163881757625
2.1489152908325195 1.805008461261656 -0.655009248380381
2.261533260345459 1.805008461261656 -0.655009248380381
2.3706459999084473 1.805008461261656 -0.655009248380381
2.474027156829834 1.643059184708117 1.5310168479231878
2.581940174102783 1.6188882977465129 -0.6407207279683118
2.687195301055908 1.6037993875529364 -0.7287092729452836
2.7927563190460205 1.5774787229979519 -0.6502806490809402
2.8981833457946777 1.5585545049462572 -0.5065334502976979
3.003605365753174 1.5392283177387718 -0.4060644088396046
3.1093931198120117 1.5137197606930506 -0.41708604371160507
3.217264175415039 1.4728107257385141 -0.4357264646967539
3.3244264125823975 1.4251323559238573 -0.43903025253697664
3.4311323165893555 1.3735985145212213 -0.4209754540989149
3.5390090942382812 1.3238474388491266 -0.42494378035458036
3.6468122005462646 1.273417889211394 -0.43432661244483134
3.7561521530151367 1.2231760322914724 -0.42507558203328893
3.865816116333008 1.1791708967663317 -0.43019699495111985
3.9765050411224365 1.129603565793324 -0.40620665358634467
4.082483291625977 1.0860933601829599 -0.4073780988661828
4.19078516960144 1.0448653707604205 -0.39641426026027404
4.298616170883179 1.011375757192229 -0.37920224814928905
4.401888370513916 0.970114036955814 -0.33280327246756414
4.515894174575806 0.9333304542618325 -0.28488012274584507
4.623333215713501 0.8918371138776118 -0.2505381620487739
4.730504274368286 0.8572941529501675 -0.2411951979322371
4.837268352508545 0.8238564200334016 -0.2427563325159271
4.944262266159058 0.8238564200334016 -0.2427563325159271
5.054929256439209 0.79875369690796 -0.23662336497146896
5.161886215209961 0.7841663936083982 -0.24379862341852043
5.263719320297241 0.6138936927495292 -0.26050598575009154
5.370200157165527 0.5655646753078593 -0.27323091808928135
5.477833271026611 0.5247399992673959 -0.26723649550609285
5.583773136138916 0.4882206294927995 -0.16210757463088887
5.689890146255493 0.45718290728475813 -0.036522095405930655
5.800573348999023 0.4308812513308555 0.05946834677167856
5.907374143600464 0.3945169324440677 0.06331472370407876
6.015840291976929 0.35392097462075134 0.07477957213017294
6.122993230819702 0.3180413443549181 0.06742905964684653
6.232500314712524 0.2719382329821302 0.073814224057964
6.335806369781494 0.23563148253682684 0.0827785721478218
6.448873281478882 0.199289689169344 0.07322643401841478
6.564312219619751 0.1666330930993592 0.08560346387445761
6.673316240310669 0.14449679478304375 0.09633258845734449
6.779553174972534 0.11892184898932244 0.11857975741275606
6.890514135360718 0.11249975913765649 0.12187819541812162